Property,CMP_ATOMCOUNT_Br,CMP_ATOMCOUNT_C,CMP_ATOMCOUNT_C_sp,CMP_ATOMCOUNT_C_sp2,CMP_ATOMCOUNT_C_sp3,CMP_ATOMCOUNT_Cl,CMP_ATOMCOUNT_F,CMP_ATOMCOUNT_H,CMP_ATOMCOUNT_H_ACCEPTORS,CMP_ATOMCOUNT_H_DONORS,CMP_ATOMCOUNT_HALOGENS,CMP_ATOMCOUNT_HEAVY,CMP_ATOMCOUNT_HYDROGENS,CMP_ATOMCOUNT_I,CMP_ATOMCOUNT_METALATOMS,CMP_ATOMCOUNT_N,CMP_ATOMCOUNT_NEGATIVE,CMP_ATOMCOUNT_O,CMP_ATOMCOUNT_P,CMP_ATOMCOUNT_POSITIVE,CMP_ATOMCOUNT_S,CMP_ATOMCOUNT_TOTAL,CMP_ATOMS_C_FRAC,CMP_ATOMS_C_sp_FRAC,CMP_ATOMS_C_sp2_FRAC,CMP_ATOMS_C_sp3_FRAC,CMP_ATOMS_H_ACCEPTOR_FRAC,CMP_ATOMS_H_DONOR_FRAC,CMP_ATOMS_H_FRAC,CMP_ATOMS_HALOGEN_FRAC,CMP_ATOMS_HETEROATOM_FRAC,CMP_ATOMS_N_FRAC,CMP_ATOMS_NEGATIVE_FRAC,CMP_ATOMS_O_FRAC,CMP_ATOMS_OTHER_FRAC,CMP_ATOMS_P_FRAC,CMP_ATOMS_POSITIVE_FRAC,CMP_ATOMS_S_FRAC,CMP_ATOMS_STEROATOM_FRAC,CMP_BONDS_ALIPHATIC_FRAC,CMP_BONDS_AROMATIC,CMP_BONDS_AROMATIC_FRAC,CMP_BONDS_BRIDGE,CMP_BONDS_BRIDGE_FRAC,CMP_BONDS_DOUBLE_FRAC,CMP_BONDS_DOUBLEBONDS,CMP_BONDS_EXPLICIT,CMP_BONDS_HEAVYATOMS,CMP_BONDS_HYDROGENS,CMP_BONDS_PIBONDS,CMP_BONDS_RING,CMP_BONDS_RING_FRAC,CMP_BONDS_ROTATABLE,CMP_BONDS_ROTATABLE_FRAC,CMP_BONDS_SINGLE_FRAC,CMP_BONDS_SINGLEBONDS,CMP_BONDS_STEREO_FRAC,CMP_BONDS_STEREOATOMS,CMP_BONDS_STEREOBONDS,CMP_BONDS_TOTAL,CMP_BONDS_TRIPLE_FRAC,CMP_BONDS_TRIPLEBONDS,CMP_CLASS_ACID,CMP_CLASS_BASE,CMP_CLASS_BIOLOGICAL,CMP_CLASS_INORGANIC,CMP_CLASS_LIPINSKI_PASS,CMP_CLASS_NEUTRAL,CMP_CLASS_ORGANIC,CMP_CLASS_PEPTIDE,CMP_CLASS_SMALL_MOLECULE,CMP_CLASS_SPECIES_UNDEFINED,CMP_CLASS_ZWITTERION,CMP_FORMALCHARGE,CMP_FULL_MWT,CMP_INORGANIC_FLAG,CMP_LOGD,CMP_LOGP,CMP_MOLECULAR_POLAR_SURFACEAREA,CMP_MOLECULAR_POLARSASA,CMP_MOLECULAR_SASA,CMP_MOLECULAR_SURFACEAREA,CMP_MOLECULAR_WEIGHT,CMP_NUM_ALIPHATICDOUBLEBONDS,CMP_NUM_ALIPHATICRINGS,CMP_NUM_ALIPHATICSINGLEBONDS,CMP_NUM_AROMATICRINGS,CMP_NUM_CHAINASSEMBLIES,CMP_NUM_CHAINS,CMP_NUM_HYDROGENBONS,CMP_NUM_RINGASSEMBLIES,CMP_NUM_RINGS,CMP_NUM_RO5_VIOLATIONS,CMP_NUM_TERMINALROTOMERS,CMP_RIGIDITY_INDEX,CMP_RO3_PASS,CMP_SOLUBILITY
CMP_ATOMCOUNT_Br,1,-4.8912947724e-002,-3.2673935633e-003,-2.5597999582e-003,-6.7633642588e-002,-3.0312323256e-002,-3.025449515e-002,-6.4897645823e-002,-4.5985975854e-002,-3.4689357966e-002,0.136775597494155,-3.878609754e-002,-6.4897645823e-002,-8.0952568975e-003,-4.531114217e-003,-3.611640794e-002,6.8357237051e-002,-4.3537853582e-002,-6.6761818578e-003,6.8230717856e-002,-1.4124321568e-002,-5.3018571216e-002,5.9762749589e-002,-9.2105633455e-003,8.4238872886e-002,-8.3423513184e-002,-1.3200957282e-002,-4.7902789064e-003,-0.11373446002868,0.189758299188341,-1.3192488247e-002,-6.5834874844e-004,4.462195976e-002,-1.699562045e-002,-8.6625809513e-003,-8.3444117193e-003,4.8943252799e-002,3.7349255881e-003,-5.0731006924e-002,-4.7601054994e-002,1.3697378563e-002,5.9780932167e-002,3.0017531426e-003,2.7409482311e-004,-2.8411246967e-002,-1.7028798164e-002,-4.1019524102e-002,1.27235911e-002,-1.27235911e-002,0,-2.6261078178e-002,2.1788330827e-002,-4.1700262854e-002,-4.2645906826e-002,-5.795959968e-002,-4.5166783965e-002,1.7784327458e-002,-4.5693068104e-002,6.0565354286e-003,-4.0806953684e-002,-1.015212607e-002,-7.9582847501e-003,-4.3624923822e-003,-1.2970813699e-002,-4.3391681897e-002,-7.806528219e-003,-2.994947767e-002,-3.0498181268e-003,4.363974143e-002,-3.1476896514e-002,4.3391681897e-002,1.2796806302e-002,-7.8347937258e-003,-3.0773160609e-003,2.1102946153e-002,-6.6049269709e-003,4.7457795523e-002,4.3062405256e-002,-3.172968868e-002,-5.0302395416e-002,-2.7461969469e-002,-1.9188452725e-002,2.11029744e-002,-4.0248359405e-002,-4.4262880118e-002,-4.9782878259e-002,1.1932016183e-002,3.3603913955e-002,-2.3316357068e-002,0,-2.5284076427e-002,-2.5693526723e-002,1.4170805485e-002,-3.7429529564e-002,4.4423755457e-002,-9.9879868041e-003,-4.2426196141e-002
CMP_ATOMCOUNT_C,-4.8912947724e-002,1,-1.1731308448e-002,0.732522645545145,0.830759325260482,-4.5838641336e-002,3.414546896e-002,0.937192776544946,0.731083474036255,0.75160862110377,1.6640790605e-003,0.966611111296502,0.937192776544946,-1.8194755234e-002,1.7416294179e-002,0.730404552613267,2.5423538716e-002,0.7233701594205,0.209316800124576,2.099174551e-002,0.114322093479139,0.97160363224562,-8.5722381558e-002,-6.1578820973e-002,-0.188857785274546,0.196821903484209,-0.177034022432588,3.7453092575e-002,0.215773301486765,-0.136739879890622,-0.11259601552408,-7.9618740386e-002,-7.1066620357e-002,-1.808827073e-002,0.187873012101404,-4.0671536027e-002,-7.5886300622e-002,-0.152640792959922,0.251189861172338,3.812680177e-003,0.397690050994574,-0.197232193230029,0.122042145908292,3.0839297517e-002,7.9866558646e-002,0.816034046503944,0.968414394808179,-3.7936948818e-002,3.7936948818e-002,0,0.622301239274542,-0.217855198689415,0.861258946799981,0.281732362127748,0.202127264378394,0.956707743325213,-8.0586223094e-002,0.71114742629677,0.190773410235496,0.968178967683638,-6.2597371999e-002,-2.0624689314e-002,7.9555324933e-002,0.150817860012504,0.446170565181729,-6.0679475397e-004,-0.491779311409337,1.9893171229e-002,-0.418364290903327,0.342694555883621,-0.446170565181729,-0.192276766831169,0.212117158533259,-1.7780569711e-002,0.944067920116864,-2.9255750533e-002,-0.221138582089098,-0.120478616307286,0.756798736602516,5.2605784577e-002,0.967933214109868,0.956145458749445,0.944067925298802,0.758952628927429,0.328930906947316,0.896702577407393,0.382030243443979,0.440113192860091,0.849506275260298,0,0.548466829726109,0.54775717635594,0.642065628476704,0.311306619164331,-0.258413300309297,-0.194959005996776,-0.73565456555131
CMP_ATOMCOUNT_C_sp,-3.2673935633e-003,-1.1731308448e-002,1,-2.5398285411e-002,-4.0720473222e-002,-1.1762427906e-002,2.928403076e-003,-4.7616338161e-002,-1.8093936137e-002,-4.5709661003e-002,-3.8655159736e-003,-2.0308777132e-002,-4.7616338161e-002,-1.1979154394e-002,-4.6308687703e-003,9.5254503233e-003,-7.3476233993e-003,-5.7592710058e-002,-1.3220389035e-002,-6.7732449542e-003,-1.5208786356e-002,-3.4771613897e-002,0.119599782655617,0.88952194867742,-3.8646435358e-002,-4.9253164482e-002,1.6822693986e-002,-6.0358809754e-002,-8.1657636771e-002,-2.0032294899e-003,-1.2592564555e-002,6.7382116928e-002,-8.9369454846e-003,-7.4291691492e-002,-1.3467919031e-002,-1.8303100992e-002,-8.9583025908e-003,-5.2575969968e-003,-2.430304812e-002,-3.2604915741e-002,2.6069791856e-003,6.4868477005e-003,-9.9838874818e-003,-6.7682049099e-003,-8.0194719391e-002,-3.7508824303e-002,-2.1074117311e-002,6.6452982524e-003,-6.6452982525e-003,0,-2.3285796052e-002,-2.3774689931e-002,-2.5871638409e-002,-2.0556884836e-002,-3.5928014309e-002,-3.1615134883e-002,-1.0137105609e-002,-3.1668346671e-002,-1.2551311167e-002,-2.1158254983e-002,0.836229534134854,0.941138607930394,-8.5617284541e-003,-1.1080939569e-002,-4.911251784e-002,-2.5953139173e-003,2.3854521476e-002,1.0315555169e-002,4.7050941905e-002,-3.7585848889e-002,4.911251784e-002,5.6034079256e-003,-1.1761455772e-002,2.2693443406e-003,-2.6382076455e-002,-6.240106795e-003,4.4005638483e-002,3.7317833967e-002,-2.2039291956e-002,-2.1385912752e-003,-2.2184895595e-002,-2.1468237517e-002,-2.638204495e-002,-5.8417250959e-002,-2.8311430968e-002,-3.3026517536e-002,1.0570337814e-003,9.28675029e-003,-2.7206444184e-002,0,-1.4520612133e-003,-2.1418304998e-002,-3.2392372739e-002,-3.3083587284e-002,2.3004551805e-002,-1.3257218942e-003,-2.3064297702e-002
CMP_ATOMCOUNT_C_sp2,-2.5597999582e-003,0.732522645545145,-2.5398285411e-002,1,0.230850130386385,4.1625123024e-002,9.2988680144e-002,0.474654774266172,0.452490985287507,0.449131889652053,9.9538047256e-002,0.687356913394111,0.474654774266172,-2.2239780695e-002,-1.1715232477e-002,0.511579573660537,3.247996427e-002,0.424715821404769,0.142118423866285,2.9713929787e-002,0.118745391466342,0.592302187896158,0.42679329132278,-7.670500183e-002,0.451974180134573,-0.442723667820173,-0.133623294451137,-2.2593933628e-002,-0.27717368143173,-2.4430102784e-002,-4.9926679648e-002,2.2793636953e-002,-5.1662168761e-002,-5.4165374293e-002,0.110795902202731,-8.6049785651e-002,-5.3511405362e-002,-6.6924205993e-002,-0.106169381383266,-0.312093379650849,0.833633874859543,0.367275818126664,-2.6003657937e-003,-8.9697859142e-002,-3.3099951006e-003,0.940545827492408,0.701809867889466,0.162251918921322,-0.162251918921234,0,0.681003640290283,0.115144986453526,0.499600665288382,-3.217020038e-003,-0.401549958565114,0.6004938585682,-5.3338666582e-002,0.282053387119381,0.156789305388995,0.707731093343501,-6.9494059761e-002,-2.3307159139e-002,5.824517104e-002,9.1980716489e-002,0.247591140993547,-2.7514361262e-002,-0.38877206669605,7.8076099174e-003,-0.221959663180158,0.181867267548955,-0.247591140993547,-0.117962480531011,0.127529584377911,-1.1814005419e-002,0.661176224933694,-4.9334092412e-002,5.414551448e-002,0.117073334667458,0.477645011348068,-1.2779299812e-002,0.65937045064063,0.633409182222591,0.661176212975287,0.487015091859102,1.7701845926e-003,0.422614816202197,0.803582270853925,0.344915827378324,0.522583475154232,0,0.653082955605559,0.610555286427807,0.467887064625012,0.180122321169795,0.214346158463503,-0.191599210705836,-0.686580468847281
CMP_ATOMCOUNT_C_sp3,-6.7633642588e-002,0.830759325260482,-4.0720473222e-002,0.230850130386385,1,-9.8946625122e-002,-2.7296052622e-002,0.953237556604875,0.675599178766274,0.70889634542123,-7.873935028e-002,0.820333340029504,0.953237556604875,-7.2925155375e-003,3.4652926954e-002,0.625139076151113,1.0119745032e-002,0.689029794188614,0.183528647316947,6.0223497653e-003,6.7009295799e-002,0.905739371015807,-0.476344788278214,-6.5086394632e-002,-0.637159634263473,0.644911014172922,-0.14451269135678,7.4650251461e-002,0.538232105920223,-0.175286743182308,-0.11950263742649,-0.1353592749164,-5.8925651032e-002,2.1717764821e-002,0.178488114516384,1.2994393271e-002,-6.4299212089e-002,-0.163151640616494,0.446606035190731,0.261753696773546,-0.11283156575979,-0.581918091498997,0.176902326561508,0.117597690060417,0.120365544904807,0.399238392196846,0.811140252972725,-0.186976561952961,0.186976561953007,0,0.333821903141992,-0.404136306701993,0.82342456513553,0.40595870236616,0.618213852313207,0.877630224449445,-7.1096770484e-002,0.786918564700697,0.145029044465997,0.805972059091503,-7.0047689267e-002,-5.2500687017e-002,6.6457594716e-002,0.140815289415266,0.437333552743956,2.1719252989e-002,-0.386057186447659,2.157925324e-002,-0.418453556819042,0.342681254606824,-0.437333552743956,-0.178574430681249,0.199377820230732,-1.5852206651e-002,0.809783637721034,-1.2222985114e-003,-0.3620737051399,-0.269376894895789,0.691966379062368,8.5677290617e-002,0.84516134414192,0.849492620695312,0.80978365348087,0.689017177220246,0.469684780937629,0.937245883927293,-0.110589601279619,0.346588463540907,0.787926757473858,0,0.250178145954899,0.284787872223295,0.536506480500727,0.299068594269934,-0.545164834334602,-0.12195960704134,-0.489116176433706
CMP_ATOMCOUNT_Cl,-3.0312323256e-002,-4.5838641336e-002,-1.1762427906e-002,4.1625123024e-002,-9.8946625122e-002,1,-2.831882458e-002,-9.7284503787e-002,-8.7408535467e-002,-8.5851933552e-002,0.384380501295511,-3.1602993529e-002,-9.7284503787e-002,-1.7580249699e-002,-1.2093334383e-002,-3.2138824005e-002,-6.1205824828e-003,-0.105380687727872,-2.7334173228e-002,-6.4470718085e-003,-1.6984201799e-002,-6.603082009e-002,0.109091037477191,-1.611330157e-002,0.1222889582464,-0.120572035518768,-9.0938376937e-002,-9.1161174145e-002,-0.197779446229707,0.427659620917904,-7.7554225278e-002,2.5205653513e-002,-7.517377817e-003,-0.118541288938178,-3.1574087777e-002,-3.7561213416e-002,-8.963477467e-003,-5.0457366052e-003,-9.0234803946e-002,-4.7296554685e-002,8.0405623252e-002,9.4965918366e-002,-1.5671733283e-002,-1.6642249175e-002,-9.608563598e-002,7.8906874113e-003,-3.1873070594e-002,3.9701989025e-002,-3.9701989025e-002,0,2.5032959439e-002,6.1590548159e-002,-7.0022047272e-002,-9.3288553391e-002,-7.4482567533e-002,-3.9914367586e-002,-3.6203887659e-002,-8.7149528737e-002,-3.7329007477e-002,-3.0711773014e-002,-1.5355911267e-002,-8.1176671272e-003,-1.8770355304e-002,-1.2178610268e-002,-7.3950478176e-002,-1.9805421128e-002,-9.9701281279e-002,-1.2744424026e-002,7.6813416179e-002,-6.4388287571e-002,7.3950478176e-002,3.0618678336e-002,-2.1438622245e-002,-8.4123463949e-004,6.7073682068e-003,-3.7702077092e-003,0.16718067021316,0.175606947154721,-8.7921689573e-002,-0.151096667930403,-2.3537349633e-002,-1.6317917483e-002,6.7073893249e-003,-7.9682810254e-002,-4.3125539509e-002,-5.9079873804e-002,7.1010256564e-002,0.125674220004219,-1.0608211881e-003,0,8.0085368919e-002,1.9984118813e-002,4.4344664161e-002,-7.3008280253e-002,7.1971030395e-002,-3.57949394e-002,-0.115050679046222
CMP_ATOMCOUNT_F,-3.025449515e-002,3.414546896e-002,2.928403076e-003,9.2988680144e-002,-2.7296052622e-002,-2.831882458e-002,1,-4.529643451e-002,-4.9117085613e-002,-5.5695054836e-002,0.890677563649945,8.1687477348e-002,-4.529643451e-002,-1.8300752715e-002,-6.8722891144e-003,-5.1616942232e-004,0.156317045928794,-5.5448872363e-002,0.129053186985407,0.155651377277788,-7.7292332035e-003,1.8098983352e-002,4.6566533525e-002,-9.2306201999e-004,4.291451466e-002,-4.2829988434e-002,-8.3391126284e-002,-7.7898617448e-002,-0.253024822607987,0.658089350218967,-6.7407190042e-002,-7.763818321e-003,-8.3870066801e-003,-7.8131404726e-002,0.107289834744306,7.1902472228e-005,-1.241632173e-002,-8.0730102402e-003,-4.121946084e-002,-6.2805808786e-002,0.119914251082879,9.0733995015e-004,-3.2155748308e-002,-3.6745040946e-002,-7.7514592324e-002,6.9488305933e-002,7.8441463615e-002,3.1062608534e-002,-3.1062608534e-002,0,6.9805988868e-002,-5.880949553e-002,3.0449717322e-003,-3.3542800922e-002,2.6184470393e-002,7.79380219e-002,-4.6023767247e-002,-4.5902256711e-002,-2.1764070425e-002,7.9680241116e-002,-4.097423644e-003,5.6496346517e-003,-9.3465700265e-003,-1.5742180567e-002,-4.050681553e-002,-9.6537112916e-004,-0.103843825340491,3.2623215315e-003,3.8365375212e-002,-4.615013685e-002,4.050681553e-002,1.6400663513e-002,-2.1226124727e-002,-8.3345354276e-003,9.4703647938e-002,-1.1670500339e-002,0.177186341369015,0.187290328964962,-4.9502678867e-002,-9.9536321059e-002,5.6379044444e-002,4.3522392336e-002,9.4703633642e-002,-3.6537322337e-002,-2.5163286356e-002,5.4531140144e-002,0.105563599975218,0.13590806424753,0.169488865703905,0,0.132746424660583,6.0275009247e-002,7.274820862e-002,0.275206299023199,-4.7485494793e-002,-4.3209905184e-002,-0.287774290490003
CMP_ATOMCOUNT_H,-6.4897645823e-002,0.937192776544946,-4.7616338161e-002,0.474654774266172,0.953237556604875,-9.7284503787e-002,-4.529643451e-002,1,0.730041633210896,0.801101814532377,-9.4421166716e-002,0.919273036185181,1,-1.2926653289e-002,1.3920692733e-002,0.735085659995598,1.0255182601e-002,0.728476489832297,0.188533571074365,7.664225858e-003,8.8564923019e-002,0.979911404834768,-0.353949648403194,-7.9538746605e-002,-0.436875951278526,0.446257260358826,-0.149969669829647,0.117734787156739,0.438470819653221,-0.211779621618286,-9.3249205774e-002,-8.0239721544e-002,-6.6564512775e-002,4.5083661762e-003,0.172217665375059,2.5484978124e-003,-7.1371353227e-002,-0.156668808007253,0.342971812302352,7.9655227164e-002,0.11087589259181,-0.413030868590573,0.125120923424532,4.939051344e-002,0.131856942032266,0.617020611989302,0.906310888544453,-8.5344271912e-002,8.5344271912e-002,0,0.410115017832037,-0.387945574501477,0.911055784925635,0.426260228116911,0.430703897275763,0.936456279874863,-7.6567277796e-002,0.76827235346173,0.156825873726901,0.904621013141898,-8.3233450446e-002,-5.9618868208e-002,7.1843043306e-002,0.16206194001214,0.491915636706757,8.1184391723e-003,-0.432485055223356,1.7424973218e-002,-0.464556790000392,0.388501968874102,-0.491915636706757,-0.197593220851828,0.228018383661366,-1.0300607324e-002,0.901382691114627,-1.3098863462e-002,-0.352645086752652,-0.255648723036474,0.770717943964217,0.115628474752278,0.945193950980074,0.940006447321392,0.901382699325543,0.768545068339249,0.3264653345579,0.944880465993679,0.103915642562696,0.340553409695477,0.845486169944571,0,0.353368537464855,0.33499373434001,0.601055053566778,0.321193804525089,-0.471690341247975,-0.149493679861558,-0.615531548421944
CMP_ATOMCOUNT_H_ACCEPTORS,-4.5985975854e-002,0.731083474036255,-1.8093936137e-002,0.452490985287507,0.675599178766274,-8.7408535467e-002,-4.9117085613e-002,0.730041633210896,1,0.819806370973969,-9.0927849928e-002,0.859940443784496,0.730041633210896,-1.8786947402e-002,0.133404677296077,0.775992509354244,0.112349012787013,0.9302874010436,0.535801754785836,9.1528000578e-002,0.328541947713001,0.811050915380925,-0.334405724693817,-3.4433698268e-002,-0.177307476106459,0.181337346901356,0.377466811551906,0.316362657578638,8.3927164888e-003,-0.138860382281857,0.382816710239084,0.147415574864477,2.2697479472e-002,0.340752430253508,0.518066140548305,0.167856098760797,2.1853712173e-002,1.8427945088e-002,0.305595917465221,-1.4872470237e-002,0.164398831436536,-0.26388867634064,6.4294531101e-002,-1.5252449757e-002,0.245842696718071,0.674208340247889,0.854491527372625,-2.844080985e-003,2.844080985e-003,0,0.474322760307138,-0.31050891386336,0.779766145612303,0.268370257376677,0.228351869551054,0.858612572894749,-1.0409194962e-002,0.767677928514048,0.327481769368524,0.855300407587345,-3.7441991454e-002,-1.8922314955e-002,0.103923969465641,9.2935837449e-002,0.364045007251658,4.8541431469e-002,-0.265269457976015,6.3851624835e-003,-0.359762757734364,0.302193712229088,-0.364045007251658,-0.164277292010988,0.203586134187225,-8.1748599501e-002,0.872381042762467,-5.4487864535e-003,-0.607187103010534,-0.528374291984127,0.943703107834767,0.453459306213845,0.834837316689047,0.860248940333039,0.872381031106419,0.813446200371922,0.376822175139205,0.847568487049449,0.170862169009311,0.561869550869523,0.855444414833921,0,0.459063918978391,0.425264877299536,0.458501292710088,0.327357061440497,-0.294217505188174,-0.120250482305989,-0.249237177244743
CMP_ATOMCOUNT_H_DONORS,-3.4689357966e-002,0.75160862110377,-4.5709661003e-002,0.449131889652053,0.70889634542123,-8.5851933552e-002,-5.5695054836e-002,0.801101814532377,0.819806370973969,1,-9.3505954837e-002,0.838283958469094,0.801101814532377,-1.0190173459e-002,-8.4031404671e-004,0.82635921133853,-1.9415931282e-002,0.799342182219119,0.266768846464714,-2.7306024114e-002,0.154161187173852,0.83661387218885,-0.346783321977908,-5.2881597802e-002,-0.181674325132166,0.187420457641678,0.184803204032635,0.556131813717432,0.100073894014545,-0.122776383316716,0.27575324957193,0.15058290450198,-4.0076803629e-002,0.228970409227109,0.230946063126431,9.9755748131e-002,-4.6082906166e-002,-5.1168170023e-002,0.34386310722291,-8.8202706637e-002,9.2222447291e-002,-0.279220293043327,5.8426179177e-002,-1.5251493976e-002,0.260927746816115,0.634770294634463,0.814692796967047,-5.3180581347e-004,5.3180581347e-004,0,0.262226703388791,-0.39758013495413,0.841723571396275,0.317883525582629,0.242839580404465,0.822129157763586,-5.3274502218e-002,0.775397611288997,0.156172152112354,0.815927077752824,-5.8937658396e-002,-5.3964795523e-002,8.8983432488e-002,0.146858795155003,0.531574344666675,-9.6222166491e-004,-0.247392291750967,-4.7324340394e-003,-0.49835571750429,0.45893157380533,-0.531574344666675,-0.19803787194548,0.273164797188943,-2.9054087073e-002,0.834932064487868,-3.2012169137e-003,-0.650035133620733,-0.583051892969669,0.912831782053164,0.522882825875357,0.841217981064516,0.853758676985295,0.834932051058961,0.828110411161727,0.147973163844121,0.827788130089495,9.8273104397e-002,0.290475786404969,0.833202977092772,0,0.228979674587401,0.190630684881614,0.473798154390715,0.423322680981283,-0.353875331354678,-6.0975103447e-002,-0.353158455836232
CMP_ATOMCOUNT_HALOGENS,0.136775597494155,1.6640790605e-003,-3.8655159736e-003,9.9538047256e-002,-7.873935028e-002,0.384380501295511,0.890677563649945,-9.4421166716e-002,-9.0927849928e-002,-9.3505954837e-002,1,5.2946541894e-002,-9.4421166716e-002,6.1640474154e-002,-1.2424952038e-002,-2.2226851971e-002,0.15893916672523,-0.103035375325168,0.104778930727369,0.158245936105458,-1.8556727543e-002,-2.1720440051e-002,9.764559866e-002,-1.0020349292e-002,0.104649416401908,-0.103668160718118,-0.117534185548683,-0.109831400561164,-0.333469432040909,0.817375231349685,-9.7873557273e-002,1.4196331792e-003,2.7364649668e-003,-0.123623507359518,8.2706492499e-002,-1.7008990339e-002,-2.3362105283e-004,-1.056485927e-002,-8.3486699311e-002,-8.5834013451e-002,0.143214279807291,5.0532948276e-002,-3.3921925844e-002,-3.8322957324e-002,-0.117293994297357,6.1163139609e-002,4.9269563345e-002,4.5919329672e-002,-4.5919329672e-002,0,6.7191234778e-002,-2.5017396853e-002,-3.4661687873e-002,-7.6776472152e-002,-1.6470108842e-002,4.5025292575e-002,-5.3984129979e-002,-8.6553081789e-002,-3.4836861787e-002,5.0890332193e-002,-1.2866198797e-002,-8.0328588175e-004,-1.7409759206e-002,-2.1684645304e-002,-7.6712310455e-002,-1.0999009513e-002,-0.144610318202078,-3.7177705451e-003,7.6099061815e-002,-7.5156653505e-002,7.6712310455e-002,3.0705566693e-002,-2.9697425345e-002,-8.4876496163e-003,9.5884727925e-002,-1.261772945e-002,0.237421164231419,0.248837197538866,-8.775917416e-002,-0.165294500765412,3.6117215591e-002,2.9567555406e-002,9.5884729584e-002,-7.5227525243e-002,-4.9475488953e-002,1.5354196668e-002,0.125823283824347,0.183983007143784,0.149412447744668,0,0.147219883352608,5.6552229311e-002,8.9089782481e-002,0.212545235123893,-6.1894936147e-003,-5.6985488942e-002,-0.319084851532122
CMP_ATOMCOUNT_HEAVY,-3.878609754e-002,0.966611111296502,-2.0308777132e-002,0.687356913394111,0.820333340029504,-3.1602993529e-002,8.1687477348e-002,0.919273036185181,0.859940443784496,0.838283958469094,5.2946541894e-002,1,0.919273036185181,-1.4642476567e-002,6.4861798926e-002,0.820056822445836,8.1682035831e-002,0.83454330297352,0.33985618964143,7.1778356545e-002,0.213798011952183,0.979307161823304,-0.186699033145878,-5.909406852e-002,-0.180206905185286,0.187472214542842,-8.6457641346e-003,0.150704095995884,0.116188620050171,-7.6231486598e-002,7.6025313303e-002,2.5240697795e-002,-3.281114536e-002,9.937936894e-002,0.3212707733704,3.2128410573e-002,-3.5563034688e-002,-7.8599769598e-002,0.270316464551998,-2.291000561e-002,0.344738863892467,-0.229777008983911,0.100137736000404,6.9728134614e-003,0.16328282204011,0.833193216288272,0.996421305825729,-1.2379893327e-002,1.2379893327e-002,0,0.594945711332942,-0.2798584147226,0.894944104610411,0.289934972151251,0.215675682913821,0.987532194304001,-7.5161154424e-002,0.768085885514352,0.230849886830742,0.997158945411011,-6.1670031355e-002,-2.6806628286e-002,9.0963800849e-002,0.143684915728199,0.464235611118585,2.0558502991e-002,-0.442556407143573,1.6512957593e-002,-0.443257070256843,0.366460226583581,-0.464235611118585,-0.197115597306749,0.227655772242542,-4.0179990695e-002,0.993061857498955,-2.4467966477e-002,-0.378029639738537,-0.2841406163257,0.882768618613978,0.212696285350006,0.992610708312602,0.992901263227794,0.993061856245523,0.846316489582253,0.339777710190482,0.939743670035561,0.337484211423069,0.50224043027028,0.927966497130651,0,0.548725186928052,0.522501351874478,0.619662567354742,0.364110073407496,-0.288541669679824,-0.175074806797064,-0.634451026396469
CMP_ATOMCOUNT_HYDROGENS,-6.4897645823e-002,0.937192776544946,-4.7616338161e-002,0.474654774266172,0.953237556604875,-9.7284503787e-002,-4.529643451e-002,1,0.730041633210896,0.801101814532377,-9.4421166716e-002,0.919273036185181,1,-1.2926653289e-002,1.3920692733e-002,0.735085659995598,1.0255182601e-002,0.728476489832297,0.188533571074365,7.664225858e-003,8.8564923019e-002,0.979911404834768,-0.353949648403194,-7.9538746605e-002,-0.436875951278526,0.446257260358826,-0.149969669829647,0.117734787156739,0.438470819653221,-0.211779621618286,-9.3249205774e-002,-8.0239721544e-002,-6.6564512775e-002,4.5083661762e-003,0.172217665375059,2.5484978124e-003,-7.1371353227e-002,-0.156668808007253,0.342971812302352,7.9655227164e-002,0.11087589259181,-0.413030868590573,0.125120923424532,4.939051344e-002,0.131856942032266,0.617020611989302,0.906310888544453,-8.5344271912e-002,8.5344271912e-002,0,0.410115017832037,-0.387945574501477,0.911055784925635,0.426260228116911,0.430703897275763,0.936456279874863,-7.6567277796e-002,0.76827235346173,0.156825873726901,0.904621013141898,-8.3233450446e-002,-5.9618868208e-002,7.1843043306e-002,0.16206194001214,0.491915636706757,8.1184391723e-003,-0.432485055223356,1.7424973218e-002,-0.464556790000392,0.388501968874102,-0.491915636706757,-0.197593220851828,0.228018383661366,-1.0300607324e-002,0.901382691114627,-1.3098863462e-002,-0.352645086752652,-0.255648723036474,0.770717943964217,0.115628474752278,0.945193950980074,0.940006447321392,0.901382699325543,0.768545068339249,0.3264653345579,0.944880465993679,0.103915642562696,0.340553409695477,0.845486169944571,0,0.353368537464855,0.33499373434001,0.601055053566778,0.321193804525089,-0.471690341247975,-0.149493679861558,-0.615531548421944
CMP_ATOMCOUNT_I,-8.0952568975e-003,-1.8194755234e-002,-1.1979154394e-002,-2.2239780695e-002,-7.2925155375e-003,-1.7580249699e-002,-1.8300752715e-002,-1.2926653289e-002,-1.8786947402e-002,-1.0190173459e-002,6.1640474154e-002,-1.4642476567e-002,-1.2926653289e-002,1,-3.7504175877e-003,-2.2265442816e-002,8.2541644501e-002,-1.0615414098e-002,-4.0518222101e-005,8.3354958743e-002,-2.2228305758e-002,-1.4065039442e-002,-9.386327978e-003,-9.4730863503e-003,-3.9517726067e-003,4.4514805496e-003,-1.6344113293e-002,-1.3366410727e-003,-7.6642158089e-003,7.8211506535e-002,-2.162149086e-002,-2.1993193673e-002,6.4013992684e-002,-1.2607236411e-003,-1.8615010845e-003,8.3635940938e-004,7.0100672507e-002,-2.0469493133e-002,7.4060067325e-003,-6.146846474e-003,-2.0777128953e-002,-5.9342761191e-003,1.5220090397e-002,2.2828178424e-002,-1.9295331132e-002,-2.6411652423e-002,-1.711793199e-002,-1.3194138179e-002,1.3194138179e-002,0,-2.376979475e-002,-1.2519473112e-002,-9.4277574987e-003,2.4134491873e-003,1.2347091155e-002,-1.3626774017e-002,-2.160650587e-003,-3.9573751514e-003,-6.3317510536e-003,-1.7438697082e-002,-1.0712503639e-002,-1.3120747118e-002,-3.5190595261e-003,1.7641188345e-004,-1.5210392541e-002,-5.4502009703e-003,-3.7544539694e-002,-9.5099564186e-003,1.6315938654e-002,-8.5067060655e-003,1.5210392541e-002,8.5829260452e-003,-6.9471730667e-004,-1.1806838115e-004,3.6873694477e-002,8.5201888492e-003,-2.1537438951e-002,-2.7355535412e-002,-4.9918437326e-003,-3.239569459e-002,-5.3126422363e-003,2.2957503731e-003,3.6873704068e-002,-1.8576030106e-002,-8.5274758945e-003,-8.6943396169e-003,-2.2015264073e-002,2.2961752092e-002,-1.6754052797e-003,0,-2.7744840746e-002,-2.3381559067e-002,2.2024421797e-002,-7.4163833282e-003,-1.0457993883e-002,-1.1320330448e-002,-2.1234864293e-002
CMP_ATOMCOUNT_METALATOMS,-4.531114217e-003,1.7416294179e-002,-4.6308687703e-003,-1.1715232477e-002,3.4652926954e-002,-1.2093334383e-002,-6.8722891144e-003,1.3920692733e-002,0.133404677296077,-8.4031404671e-004,-1.2424952038e-002,6.4861798926e-002,1.3920692733e-002,-3.7504175877e-003,1,-1.8845290364e-002,0.578475730279088,0.168918984712082,4.2458920609e-002,0.583563945912326,0.187090687597472,4.0020442065e-002,-6.9060374973e-002,-8.8396127191e-004,-3.1940362758e-002,2.8427262142e-002,0.118640992728015,-1.9147828671e-002,-6.4795228801e-002,-1.2072203719e-002,0.106796613073057,-4.3771755216e-002,0.301670343167817,0.147235542036781,0.454434598263457,7.9335726061e-002,0.338071085946111,6.9938438043e-002,5.3733678445e-002,-9.8808362958e-003,-1.7918074054e-002,-4.2608989727e-002,6.4023555399e-003,-6.0196290704e-003,7.2702796402e-002,5.4129944736e-002,5.3977233899e-002,-2.4126447916e-002,2.4126447916e-002,0,6.175784693e-003,-5.7261457262e-002,5.451083456e-002,3.2875516377e-002,2.4285036541e-002,4.8556423676e-002,3.5319737223e-003,7.3987406246e-002,6.9276352154e-003,5.2025799387e-002,-3.370116885e-003,-7.1447109243e-003,-6.544157542e-003,-6.5744103831e-003,-1.5826818674e-002,0.528683595553842,-3.0147506548e-002,-1.0529316848e-002,-0.183592056307032,-9.8247670719e-003,1.5826818674e-002,1.5223424756e-002,-4.9007860902e-003,4.5155077049e-004,8.4815596167e-002,1.3702247919e-002,-0.156459573583196,-0.13863178029977,0.202046554885282,8.7452196346e-002,5.6362477023e-002,0.100698890697492,8.4815607625e-002,9.5818333659e-002,2.3398849043e-002,5.4753285493e-002,-1.7787423154e-002,0.126267828211277,0.122903785179567,0,3.0341082701e-003,4.8800838961e-003,3.5057656402e-002,3.3375979798e-002,-3.8048144521e-002,-5.3461477723e-003,1.2407771421e-002
CMP_ATOMCOUNT_N,-3.611640794e-002,0.730404552613267,9.5254503233e-003,0.511579573660537,0.625139076151113,-3.2138824005e-002,-5.1616942232e-004,0.735085659995598,0.775992509354244,0.82635921133853,-2.2226851971e-002,0.820056822445836,0.735085659995598,-2.2265442816e-002,-1.8845290364e-002,1,1.766717857e-002,0.608712529038688,0.268083032186982,8.7108839527e-003,0.157368742476389,0.793436704771483,-0.273515025300603,-9.9005565485e-003,-9.3533353546e-002,9.5347272155e-002,0.154142851417055,0.28848015689379,1.4785218742e-002,-8.3694045262e-002,0.293334289297958,0.503682470148977,-2.1184251799e-002,-6.3060030861e-002,0.219472370095894,1.5452148367e-002,-2.3827228078e-002,-4.7632104528e-002,0.1376630677229,-7.9560551978e-002,0.297127291458204,-9.5803342059e-002,3.2362272862e-002,-3.6806892131e-002,0.108913095033516,0.698364263272909,0.810393412675177,8.1431006859e-002,-8.1431006859e-002,0,0.435931921818316,-0.183374076892015,0.756528183016913,0.189637121158659,8.3494077012e-002,0.800887304629494,-9.3224548561e-002,0.604760858260831,0.14599013079626,0.814589776756349,-3.7655524763e-003,2.0591936022e-002,3.7524038776e-002,0.15982433287882,0.448824958608459,-3.5260860537e-002,-0.21990679862266,5.802536964e-003,-0.407847260458136,0.39145407318598,-0.448824958608459,-0.175430390615866,0.236263791891454,-3.4448183834e-002,0.811539298594933,-2.2514257949e-002,-0.529840097709114,-0.484698446624879,0.830824888271216,0.336515733806114,0.819789364471516,0.820584755900395,0.811539297042087,0.729852632657271,0.176879664138595,0.751876840980891,0.315031197153302,0.314195307879714,0.742584788144333,0,0.432979526480663,0.377633607655682,0.408131622568755,0.282978500785284,-0.169915010569091,-8.971474525e-002,-0.359919890120547
CMP_ATOMCOUNT_NEGATIVE,6.8357237051e-002,2.5423538716e-002,-7.3476233993e-003,3.247996427e-002,1.0119745032e-002,-6.1205824828e-003,0.156317045928794,1.0255182601e-002,0.112349012787013,-1.9415931282e-002,0.15893916672523,8.1682035831e-002,1.0255182601e-002,8.2541644501e-002,0.578475730279088,1.766717857e-002,1,0.147747311725985,0.154663018571321,0.964936310790501,0.131525204484166,4.6658030968e-002,-8.0573474487e-002,-7.9957267365e-003,6.9098905055e-003,-8.7099417808e-003,0.149637301971476,-4.3828010315e-002,-0.10724361094184,7.0593186631e-003,0.181014264401763,1.8890229446e-002,0.64934946773609,0.192592789919057,0.377790873423941,8.2541870631e-002,0.704622994763977,5.1880446842e-002,8.4504560732e-003,-4.8359848503e-002,3.0948219042e-002,-2.9316870566e-002,1.3447369072e-002,-1.2891635658e-003,0.101939153470053,9.0657268604e-002,7.0370087046e-002,-4.2943138062e-003,4.2943138062e-003,0,2.7180674542e-002,-7.8989607869e-002,5.6627771669e-002,5.2643743207e-002,2.2312163399e-003,5.9775063505e-002,1.8478012365e-002,3.43177354e-002,4.2196538621e-002,6.9606072802e-002,-1.1953585518e-002,-1.2900031578e-002,4.3122744525e-002,-1.0813939003e-002,-2.7312219488e-002,0.317024597077762,-3.4452100709e-002,-6.4250627214e-004,-9.3370699063e-002,-2.1074216237e-002,2.7312219488e-002,-1.628292189e-002,5.979374854e-003,-0.163907649920776,0.109948715410067,1.1201008276e-002,-9.0128832919e-002,-0.105647980846673,0.170043619873987,0.128893636751775,7.3160826062e-002,0.101590538585347,0.109948729830493,9.2476876324e-002,7.3093336219e-003,5.5733564296e-002,2.4401333148e-002,0.144621211806622,0.138893900529576,0,3.3401203364e-002,2.4234317634e-002,3.9606846562e-002,0.134792766462959,-3.909889613e-002,-1.610575233e-002,-0.107786182144935
CMP_ATOMCOUNT_O,-4.3537853582e-002,0.7233701594205,-5.7592710058e-002,0.424715821404769,0.689029794188614,-0.105380687727872,-5.5448872363e-002,0.728476489832297,0.9302874010436,0.799342182219119,-0.103035375325168,0.83454330297352,0.728476489832297,-1.0615414098e-002,0.168918984712082,0.608712529038688,0.147747311725985,1,0.482549454215737,0.130589098861973,0.280062234919431,0.797378383876901,-0.326214290725071,-6.8407144872e-002,-0.209374218099661,0.216550148474172,0.304685429275055,0.318930299187596,3.6363220443e-002,-0.14867663634425,0.342963531124612,-0.103404598258243,4.8879919348e-002,0.52474356781794,0.489226512839574,0.184243286903602,5.1871670373e-002,-6.6369171451e-003,0.368376904626924,-6.8426927417e-004,5.7434939695e-002,-0.365123510715782,7.4821119805e-002,-3.0342303766e-003,0.379519892455153,0.63668246825292,0.822842866806421,-4.1176226357e-002,4.1176226357e-002,0,0.37702446797099,-0.410677986471636,0.778636415632483,0.313146756953101,0.302135325326154,0.829626890956956,-2.02964918e-003,0.783461599881094,0.296651902051476,0.822229221408123,-7.947502941e-002,-7.0880483074e-002,0.130262475719859,7.0024847642e-002,0.399132067149123,7.4999210778e-002,-0.284673381924313,1.0783362362e-002,-0.402611918207751,0.313123604554207,-0.399132067149123,-0.164247081702669,0.18988844459554,-6.9165282392e-002,0.846717709578997,2.2357914548e-004,-0.594760821905753,-0.517551336151924,0.908572933770258,0.46281163424807,0.808860988128085,0.838539112763116,0.846717694485475,0.857453251798526,0.360365505734428,0.845873603151378,5.6791060345e-002,0.5215054682147,0.871272806148402,0,0.348046631029741,0.325876134544102,0.479841252785167,0.383474452434535,-0.366698191665609,-0.106116162561334,-0.269411503519367
CMP_ATOMCOUNT_P,-6.6761818578e-003,0.209316800124576,-1.3220389035e-002,0.142118423866285,0.183528647316947,-2.7334173228e-002,0.129053186985407,0.188533571074365,0.535801754785836,0.266768846464714,0.104778930727369,0.33985618964143,0.188533571074365,-4.0518222101e-005,4.2458920609e-002,0.268083032186982,0.154663018571321,0.482549454215737,1,0.124094804485662,0.22217670614242,0.269127200731298,-0.164010023291553,-1.2037704251e-002,-6.7115900065e-002,6.8182901923e-002,0.190410373105776,0.127874979287089,-2.3340758491e-002,-2.0436693274e-002,0.195610201766864,3.357429087e-003,3.3111290964e-002,0.194673647885271,0.877359502222838,0.573380604444296,3.0219828371e-002,-9.6640457017e-003,8.9189431849e-002,6.6976993276e-003,8.7422721202e-002,-8.5699999232e-002,-9.6842810464e-003,-1.4078014708e-002,6.8219293489e-002,0.261239590935627,0.352352897948513,1.0501722524e-002,-1.0501722524e-002,0,0.354637311269279,-8.9859157628e-002,0.230584399586433,7.3607437978e-002,7.8978508081e-002,0.360851688870047,1.6216801782e-002,0.324833131043833,0.346615968559017,0.354177542720312,-1.4836198455e-002,-1.576519653e-002,5.7195129614e-002,-9.1704220367e-003,7.1334622183e-003,3.5561436189e-002,-5.8449712188e-002,-1.2114395979e-002,-2.004046323e-002,-3.1536641333e-003,-7.1334622183e-003,-1.3660470192e-002,1.4521535084e-003,-0.119506400221275,0.378895103819225,9.1931168402e-004,-0.241884907430448,-0.185111127405959,0.429716938754957,0.170424662883707,0.304015101379926,0.320384992325734,0.378895081075367,0.305063082769158,0.381828328207664,0.348909987183103,0.101277012929399,0.455049332111494,0.364441672969965,0,0.396000084908186,0.376443913349972,0.105560881472316,-3.3901489795e-003,-9.2243941813e-002,-1.5234889009e-002,4.7958309891e-002
CMP_ATOMCOUNT_POSITIVE,6.8230717856e-002,2.099174551e-002,-6.7732449542e-003,2.9713929787e-002,6.0223497653e-003,-6.4470718085e-003,0.155651377277788,7.664225858e-003,9.1528000578e-002,-2.7306024114e-002,0.158245936105458,7.1778356545e-002,7.664225858e-003,8.3354958743e-002,0.583563945912326,8.7108839527e-003,0.964936310790501,0.130589098861973,0.124094804485662,1,0.117412812713552,4.0308056438e-002,-7.7413597777e-002,-7.8345434752e-003,6.5400042166e-003,-7.7212016604e-003,0.137065179895242,-4.8724035312e-002,-9.9279177506e-002,1.9132095457e-003,0.171054533058745,1.5829408131e-002,0.630892664922828,0.18457385197734,0.351361450799209,6.885202759e-002,0.731216964060021,4.9731420114e-002,3.7520139401e-003,-4.9628251551e-002,3.1510253451e-002,-2.7291093447e-002,1.8222883159e-002,3.0540419268e-003,9.7546993889e-002,8.3272626382e-002,6.0002923263e-002,-4.8069846468e-003,4.8069846468e-003,0,1.6666488844e-002,-7.7922974058e-002,5.0304786081e-002,5.3423892047e-002,1.2444450372e-003,4.9042987936e-002,1.8160840473e-002,1.9846833241e-002,2.9522268813e-002,5.915771668e-002,-1.2165363759e-002,-1.2769952688e-002,4.0914158445e-002,-1.1513193964e-002,-2.7816539601e-002,0.310905707544776,-3.3888108633e-002,-2.9277015397e-004,-9.060083578e-002,-2.1429002987e-002,2.7816539601e-002,-1.5528525549e-002,6.9133962223e-003,9.8376500328e-002,9.8561828144e-002,1.3203725092e-002,-8.2821202272e-002,-9.955369305e-002,0.154980620823612,0.1211030972124,6.5624849576e-002,9.3151154255e-002,9.8561848899e-002,8.0573866372e-002,-6.9767214905e-003,4.4619696403e-002,2.4247977519e-002,0.127774620088256,0.127288023216317,0,1.9286663122e-002,1.2905968612e-002,3.7369952861e-002,0.135063478149265,-3.8139128857e-002,-1.446967485e-002,-0.117357244041741
CMP_ATOMCOUNT_S,-1.4124321568e-002,0.114322093479139,-1.5208786356e-002,0.118745391466342,6.7009295799e-002,-1.6984201799e-002,-7.7292332035e-003,8.8564923019e-002,0.328541947713001,0.154161187173852,-1.8556727543e-002,0.213798011952183,8.8564923019e-002,-2.2228305758e-002,0.187090687597472,0.157368742476389,0.131525204484166,0.280062234919431,0.22217670614242,0.117412812713552,1,0.153859297654181,-0.11656480559593,-1.2525539567e-002,6.605315912e-002,-6.4742091682e-002,0.205176052873737,3.3394914168e-002,-0.178825143308649,-1.8393453446e-002,0.341620353855523,3.9361360829e-002,3.8290462906e-002,0.134263351324373,0.26973643452254,-3.3085491993e-004,4.1967013788e-002,0.812726339759355,-1.4989998713e-002,-7.6974553541e-002,9.1068260575e-002,-2.9328010144e-003,1.1932830354e-002,-4.0229552113e-002,0.232965197092259,0.259731688362671,0.213594836993037,5.1523293849e-002,-5.1523293848e-002,0,0.17315834728816,-7.661916661e-002,0.157498207360573,5.218982074e-002,-6.352692445e-002,0.190140776826452,-1.4125986355e-002,0.171333435210714,0.125055353098804,0.215075954727482,-1.8558597611e-002,-1.5398379072e-002,5.1041500493e-002,8.8876133308e-003,3.2534091678e-002,5.1424082962e-002,-7.0668657417e-002,-1.2325553347e-003,-4.9825059897e-002,3.9739027957e-002,-3.2534091678e-002,-4.7318130727e-002,6.0888079927e-002,-5.734426424e-002,0.264672362978127,-9.6677714197e-003,-0.109205312849004,-0.112087433869936,0.377095909991884,0.335894941957523,0.213789895084175,0.226719432517759,0.264672348721321,0.298553292506761,8.9172346359e-002,0.17118673483362,0.104325428383273,0.235723827576009,0.250027553703705,0,0.214223034591506,0.149070200953249,9.380754614e-002,3.103817295e-002,2.1344503159e-003,-5.6051974922e-002,-6.7907161844e-002
